569316 P 8 1 1546151278829
569316 T 8 1 1546151278830
348323 P 8 1 1546141689296
348323 T 8 1 1546141689297
432816 P 8 1 1546142190349
432816 T 8 1 1546142190350
585766 P 8 1 1546142123855
585766 T 8 1 1546142123856
204389 P 8 2 1546042621294
204383 P 8 1 1546042499715
204383 T 8 1 1546042499716
204389 P 8 1 1546042621286
204389 T 8 1 1546042621287
204389 T 8 1 1546041348224
204389 P 8 1 1546041348223
567093 1545952551405 567093 P 8 1 1545952551406
567093 T 8 1 1545952551407 567093 6 10 1
241938 T 8 1 1545918822024
241938 P 8 1 1545918822023
222887 P 8 1 1545918894945
222887 T 8 1 1545918894946
600014 T 8 1 1545895197193
268383 T 8 1 1545816705412
268383 P 8 1 1545816705411
477279 T 8 1 1545794571646
347224 T 8 1 1545795172158
127580 T 8 1 1545787219440
268383 P 8 1 1545642158977
268383 T 8 1 1545642158978
481955 P 8 1 1545642141619
481955 T 8 1 1545642141620
268383 P 8 1 1545643558425
268383 T 8 1 1545643558426
335285 P 8 1 1545643579362
268383 T 8 1 1545643640370
268383 P 8 1 1545643640369
111773 T 8 1 1545643774236
111773 P 8 1 1545643774235
597084 T 8 1 1545644308270
597084 P 8 1 1545644308269
335307 P 8 1 1545644361750
335307 T 8 1 1545644361751
507831 P 8 1 1545644420121
507831 T 8 1 1545644420122
488693 T 8 1 1545644503782
488693 P 8 1 1545644503781
215277 P 8 1 1545644383451
215277 T 8 1 1545644383452
335285 T 8 1 1545644795380
335285 P 8 1 1545644795379
335285 P 8 1 1545644802786
256010 P 8 1 1545640851632
298457 T 8 1 1545632811887
335308 T 8 1 1545633402267
335285 P 8 1 1545626324454
400551 P 8 1 1545458938763
268383 P 8 1 1545458525553
268383 T 8 1 1545458525554
410184 T 8 1 1545458802934
348323 P 8 1 1545380279079
268383 T ASC 8 1 1545271833946
401740 P 8 1 1545275646204
335285 T 8 1 1545277412535
319486 T 8 1 1545271803055
